p02/1.raw 0.028443634,-0.062404362 0,0
p02/2.raw -0.119089765,-0.024444105 0,0
p02/3.raw -0.046400475,0.027176093 0,0
p02/4.raw 0.031173075,-0.042849078 0,0
p02/5.raw -0.083463394,0.071750638 0,0
p02/6.raw -0.178706474,-0.025450627 0,0
p02/7.raw -0.011923342,0.058234486 0,0
p02/8.raw 0.032896931,-0.019555284 0,0
p02/9.raw 0.094237498,0.091881077 0,0
p02/10.raw -0.097397902,0.073332315 0,0
p02/11.raw 0.143942031,0.067580761 0,0
p02/12.raw -0.089784201,0.063698462 0,0
p02/13.raw -0.02585785,0.03637858 0,0
p02/14.raw 0.029161909,0.010927953 0,0
p02/15.raw 0.121962859,0.043568023 0,0
p02/16.raw 0.027150742,-0.040404668 0,0
p02/17.raw -0.075849693,-0.078652503 0,0
p02/18.raw -0.01795684,-0.101371142 0,0
p02/19.raw -0.122537478,0.036234791 0,0
p02/20.raw -0.02341572,0.040548457 0,0
p02/21.raw 0.018675114,0.079371447 0,0
p02/22.raw 0.122537478,-0.017973607 0,0
p02/23.raw 0.066512136,0.041698767 0,0
p02/24.raw 0.020398971,-0.039398146 0,0
p02/25.raw -0.172098357,0.029189137 0,0
p02/26.raw 0.058898436,-0.091018344 0,0
p02/27.raw -0.012210651,-0.097488843 0,0
p02/28.raw 0.116647634,0.049319577 0,0
p02/29.raw -0.055163413,0.083253746 0,0
p02/30.raw 0.030885765,0.035803425 0,0
p02/31.raw 0.08030299,-0.038679202 0,0
p02/32.raw -0.025426886,0.021712117 0,0
p02/33.raw -0.099409068,0.056509019 0,0
p02/34.raw 0.036919264,0.010209009 0,0
p02/35.raw 0.159169432,-0.052339143 0,0
p02/36.raw 0.129145595,0.050757465 0,0
p02/37.raw -0.064931934,-0.094756854 0,0
p02/38.raw -0.109464898,0.072613371 0,0
p02/39.raw 0.160749634,-0.071319271 0,0
p02/40.raw -0.146096852,0.015529196 0,0
p02/41.raw 0.089784201,0.051188832 0,0
p02/42.raw -0.043096417,0.038104046 0,0
p02/43.raw 0.126990774,-0.048169266 0,0
p02/44.raw -0.127852703,0.012078264 0,0
p02/45.raw -0.122106514,-0.075776726 0,0
p02/46.raw 0.130007523,0.009633853 0,0
p02/47.raw 0.082888775,0.07520157 0,0
p02/48.raw 0.039648703,0.056221442 0,0
p02/49.raw 0.14207452,0.018404973 0,0
p02/50.raw -0.11133241,0.073763682 0,0
p02/51.raw 0.06995985,-0.032064914 0,0
p02/52.raw 0.06450097,-0.057084175 0,0
p02/53.raw -0.017525876,0.086129523 0,0
p02/54.raw 0.12684712,-0.024156527 0,0
p02/55.raw 0.080877609,-0.054208398 0,0
p02/56.raw -0.137621224,-0.102521453 0,0
p02/57.raw 0.043383726,0.095188221 0,0
p02/58.raw -0.112194338,0.017686029 0,0
p02/59.raw 0.095386735,-0.021712117 0,0
p02/60.raw 0.076280657,-0.089724245 0,0
p02/61.raw -0.128858286,-0.088430145 0,0
p02/62.raw -0.129863869,0.069450016 0,0
p02/63.raw -0.073694872,-0.029045348 0,0
p02/64.raw -0.025714195,0.081096913 0,0
p02/65.raw -0.140207009,0.046012433 0,0
p02/66.raw 0.09035882,0.069593805 0,0
p02/67.raw -0.083894358,0.036522369 0,0
p02/68.raw -0.144229341,0.060391318 0,0
p02/69.raw 0.175402416,-0.064273618 0,0
p02/70.raw -0.101994853,0.072325793 0,0
p02/71.raw 0.104580638,-0.019411495 0,0
p02/72.raw -0.030023837,0.059816163 0,0
p02/73.raw -0.05142839,-0.09907052 0,0
p02/74.raw 0.155003445,0.045724855 0,0
p02/75.raw 0.092226332,0.093318966 0,0
p02/76.raw 0.110757791,-0.057515541 0,0
p02/77.raw 0.135179093,-0.042849078 0,0
p02/78.raw -0.073551218,-0.07405126 0,0
p02/79.raw 0.099121758,-0.05018231 0,0
p02/80.raw -0.146671471,0.06139784 0,0
p02/81.raw 0.151843041,-0.094613066 0,0
p02/82.raw -0.086623797,0.053633242 0,0
p02/83.raw -0.131156761,-0.096194743 0,0
p02/84.raw 0.183878044,0.072613371 0,0
p02/85.raw -0.105155257,0.074338837 0,0
p02/86.raw -0.169081608,-0.060535107 0,0
p02/87.raw 0.149113601,0.059097219 0,0
p02/88.raw 0.032609622,0.029476715 0,0
p02/89.raw 0.134604475,0.067293183 0,0
p02/90.raw 0.046400475,0.035659636 0,0
p02/91.raw 0.119664383,0.02760746 0,0
p02/92.raw 0.07757355,-0.016535718 0,0
p02/93.raw 0.043096417,-0.041123612 0,0
p02/94.raw -0.108890279,0.048744421 0,0
p02/95.raw 0.032609622,-0.019986651 0,0
p02/96.raw 0.07728624,-0.020418017 0,0
p02/97.raw -0.108890279,-0.012940997 0,0
p02/98.raw 0.096823283,-0.053777031 0,0
p02/99.raw -0.0669431,0.020705595 0,0
p02/100.raw -0.17827551,-0.049750943 0,0
p02/101.raw -0.159025777,0.045868644 0,0
p02/102.raw -0.158451158,-0.014666463 0,0
p02/103.raw -0.15241766,0.026169571 0,0
p02/104.raw 0.078579133,-0.036522369 0,0
p02/105.raw -0.152274005,-0.081096913 0,0
p02/106.raw 0.034908097,-0.018404973 0,0
p02/107.raw 0.176120689,-0.053777031 0,0
p02/108.raw 0.035770026,0.08526679 0,0
p02/109.raw 0.089353237,0.065567717 0,0
p02/110.raw -0.120957276,-0.102377664 0,0
p02/111.raw -0.086911107,0.034077958 0,0
p02/112.raw -0.03893043,-0.065423928 0,0
p02/113.raw 0.164771966,-0.095044432 0,0
p02/114.raw 0.130725797,0.066574239 0,0
p02/115.raw 0.095243081,0.040260879 0,0
p02/116.raw -0.125266918,0.040692246 0,0
p02/117.raw -0.10070196,-0.020849384 0,0
p02/118.raw -0.024564957,-0.023581372 0,0
p02/119.raw 0.057749198,-0.034509325 0,0
p02/120.raw 0.131444071,0.040692246 0,0
p02/121.raw -0.099409068,-0.020993173 0,0
p02/122.raw -0.180143021,0.098639153 0,0
p02/123.raw 0.162904455,-0.011071742 0,0
p02/124.raw -0.173822214,0.025594416 0,0
p02/125.raw 0.058611127,-0.020130439 0,0
p02/126.raw -0.153135934,-0.016679507 0,0
p02/127.raw 0.178419165,0.096482321 0,0
p02/128.raw -0.167357751,-0.078077347 0,0
p02/129.raw 0.155721719,0.085123001 0,0
p02/130.raw 0.060334983,0.085554368 0,0
p02/131.raw 0.079153752,0.070025172 0,0
p02/132.raw 0.061340566,-0.050469888 0,0
p02/133.raw 0.113056266,0.01006522 0,0
p02/134.raw 0.085330905,-0.063267096 0,0
p02/135.raw 0.107597387,0.036234791 0,0
p02/136.raw 0.012066997,0.022143483 0,0
p02/137.raw -0.0517157,0.015816774 0,0
p02/138.raw -0.156296338,-0.024731683 0,0
p02/139.raw 0.041947179,0.030627026 0,0
p02/140.raw 0.110757791,-0.070600327 0,0
p02/141.raw 0.151699386,-0.102233875 0,0
p02/142.raw -0.160605979,-0.039398146 0,0
p02/143.raw 0.081739537,0.026744727 0,0
p02/144.raw -0.056025342,-0.065855295 0,0
p02/145.raw -0.14997553,0.066861817 0,0
p02/146.raw -0.068092338,0.03882299 0,0
p02/147.raw 0.024421303,0.016104352 0,0
p02/148.raw -0.058754781,-0.017973607 0,0
p02/149.raw -0.116934944,-0.024587894 0,0
p02/150.raw -0.133598892,0.087567412 0,0
p02/151.raw 0.089784201,0.064273618 0,0
p02/152.raw -0.127134429,0.08023418 0,0
p02/153.raw 0.04381469,0.095475799 0,0
p02/154.raw -0.010917759,-0.018980129 0,0
p02/155.raw -0.024133993,0.060103741 0,0
p02/156.raw 0.113343576,-0.069593805 0,0
p02/157.raw 0.010199485,0.03882299 0,0
p02/158.raw 0.098834449,-0.071031694 0,0
p02/159.raw -0.166495823,0.036091002 0,0
p02/160.raw -0.072258325,-0.088573934 0,0
p02/161.raw -0.08001568,0.020274228 0,0
p02/162.raw -0.150406494,0.098926731 0,0
p02/163.raw -0.067661374,-0.082103435 0,0
p02/164.raw -0.095674045,0.026169571 0,0
p02/165.raw -0.068954267,-0.049175788 0,0
p02/166.raw 0.051141081,0.063842251 0,0
p02/167.raw -0.169368917,-0.077214614 0,0
p02/168.raw 0.161324253,0.083828902 0,0
p02/169.raw -0.01795684,-0.042273923 0,0
p02/170.raw -0.079872025,0.03005187 0,0
p02/171.raw 0.138339497,0.049319577 0,0
p02/172.raw 0.139488735,0.090011822 0,0
p02/173.raw 0.10831566,0.043711811 0,0
p02/174.raw -0.070390814,-0.035515847 0,0
p02/175.raw 0.14451665,0.039829512 0,0
p02/176.raw 0.085330905,0.073763682 0,0
p02/177.raw -0.13201869,-0.086992256 0,0
p02/178.raw 0.050997426,-0.09907052 0,0
p02/179.raw -0.099983687,0.098639153 0,0
p02/180.raw -0.055019759,0.018261184 0,0
p02/181.raw 0.103862364,-0.019411495 0,0
p02/182.raw -0.107022768,0.034796903 0,0
p02/183.raw -0.081739537,0.037528891 0,0
p02/184.raw -0.171523738,0.07275716 0,0
p02/185.raw 0.021691863,0.093750332 0,0
p02/186.raw -0.037350228,0.070312749 0,0
p02/187.raw -0.086911107,-0.098495365 0,0
p02/188.raw 0.176838963,-0.033071436 0,0
p02/189.raw -0.091651713,-0.011503108 0,0
p02/190.raw -0.039361394,-0.027463671 0,0
p02/191.raw 0.09064613,-0.073044738 0,0
p02/192.raw -0.025714195,0.075489148 0,0
p02/193.raw -0.123112097,0.09403791 0,0
p02/194.raw 0.071827361,0.081096913 0,0
p02/195.raw 0.169225263,-0.054783553 0,0
p02/196.raw -0.117796872,0.085985734 0,0
p02/197.raw -0.172098357,0.049463366 0,0
p02/198.raw -0.120669967,-0.080521758 0,0
p02/199.raw 0.153279588,0.012222053 0,0
p02/200.raw 0.161611562,0.019555284 0,0
p02/201.raw -0.05961671,-0.015672985 0,0
p02/202.raw -0.021260899,-0.071319271 0,0
p02/203.raw -0.059904019,0.033359014 0,0
p02/204.raw -0.021691863,0.081096913 0,0
p02/205.raw 0.01034314,-0.017110874 0,0
p02/206.raw -0.053583211,0.10036462 0,0
p02/207.raw -0.171380083,-0.019123918 0,0
p02/208.raw -0.097685211,0.019267706 0,0
p02/209.raw 0.139776045,-0.039254357 0,0
p02/210.raw -0.156152683,-0.02890156 0,0
p02/211.raw 0.032896931,0.073332315 0,0
p02/212.raw -0.071252742,0.048313055 0,0
p02/213.raw 0.142936448,0.095188221 0,0
p02/214.raw -0.137333914,-0.034221747 0,0
p02/215.raw 0.150550149,0.086704679 0,0
p02/216.raw -0.031604039,-0.077358403 0,0
p02/217.raw -0.123112097,-0.037960257 0,0
p02/218.raw 0.079441061,0.088573934 0,0
p02/219.raw -0.083894358,-0.062116785 0,0
p02/220.raw -0.112050683,-0.020130439 0,0
p02/221.raw 0.053439557,0.047881688 0,0
p02/222.raw -0.155290755,0.022143483 0,0
p02/223.raw -0.135897367,0.091737289 0,0
p02/224.raw -0.031460384,0.056940386 0,0
p02/225.raw 0.167070442,-0.055358709 0,0
p02/226.raw 0.033184241,-0.023581372 0,0
p02/227.raw -0.166064859,-0.011215531 0,0
p02/228.raw 0.070390814,0.01754224 0,0
p02/229.raw -0.031891348,-0.03134597 0,0
p02/230.raw 0.114349159,-0.064417406 0,0
p02/231.raw 0.047837022,0.073476104 0,0
p02/232.raw -0.09280095,-0.017398451 0,0
p02/233.raw 0.18071764,0.021712117 0,0
p02/234.raw 0.142218175,-0.075345359 0,0
p02/235.raw 0.048698951,0.01883634 0,0
p02/236.raw -0.030885765,-0.102665241 0,0
p02/237.raw 0.101994853,0.074482626 0,0
p02/238.raw 0.056168996,0.093750332 0,0
p02/239.raw -0.026863433,-0.014666463 0,0
p02/240.raw 0.165346585,0.063267096 0,0
p02/241.raw -0.088203999,-0.009633853 0,0
p02/242.raw 0.110901445,-0.039398146 0,0
p02/243.raw -0.11621667,0.060103741 0,0
p02/244.raw -0.099552722,-0.042273923 0,0
p02/245.raw -0.177700891,-0.048025477 0,0
p02/246.raw -0.056743615,-0.015816774 0,0
p02/247.raw -0.161898872,-0.08397269 0,0
p02/248.raw -0.065793863,0.084404057 0,0
p02/249.raw 0.142218175,0.066861817 0,0
p02/250.raw 0.020111661,-0.089580456 0,0
p02/251.raw -0.089496892,-0.056221442 0,0
p02/252.raw 0.182728806,-0.065280139 0,0
p02/253.raw 0.11377454,-0.05895343 0,0
p02/254.raw 0.142218175,0.098351576 0,0
p02/255.raw 0.079153752,0.095475799 0,0
p02/256.raw -0.068379648,0.015241618 0,0
p02/257.raw -0.079297407,-0.061829207 0,0
p02/258.raw -0.042234488,-0.040836034 0,0
p02/259.raw 0.017813186,0.029045348 0,0
p02/260.raw 0.14236183,-0.088142567 0,0
p02/261.raw -0.037781192,-0.078652503 0,0
p02/262.raw -0.027581707,-0.035228269 0,0
p02/263.raw -0.114061849,-0.075057782 0,0
p02/264.raw 0.12684712,0.066142873 0,0
p02/265.raw -0.073982182,0.031921125 0,0
p02/266.raw -0.084038012,0.035372058 0,0
p02/267.raw -0.107022768,0.054927342 0,0
p02/268.raw -0.04137256,-0.102233875 0,0
p02/269.raw -0.076567967,-0.025881994 0,0
p02/270.raw 0.027007088,0.097632631 0,0
p02/271.raw -0.174540487,-0.059384796 0,0
p02/272.raw 0.179281093,0.016535718 0,0
p02/273.raw -0.137333914,0.058522063 0,0
p02/274.raw 0.126703465,-0.031633548 0,0
p02/275.raw 0.137621224,-0.05765933 0,0
p02/276.raw -0.063782697,-0.054208398 0,0
p02/277.raw 0.155434409,-0.052051565 0,0
p02/278.raw -0.140925282,0.065567717 0,0
p02/279.raw 0.033184241,0.083253746 0,0
p02/280.raw -0.01034314,0.068443494 0,0
p02/281.raw 0.047837022,0.078364925 0,0
p02/282.raw 0.048124332,0.095475799 0,0
p02/283.raw 0.088491309,0.093606544 0,0
p02/284.raw -0.180573986,-0.056221442 0,0
p02/285.raw -0.135466403,-0.039110568 0,0
p02/286.raw -0.049991843,-0.017110874 0,0
p02/287.raw -0.160175015,0.063267096 0,0
p02/288.raw -0.154285171,0.014522674 0,0
p02/289.raw 0.175115106,0.083397535 0,0
p02/291.raw 0.065650208,0.068012128 0,0
p02/292.raw -0.179137438,0.081096913 0,0
p02/293.raw 0.159169432,-0.081096913 0,0
p02/295.raw -0.147389745,0.099501887 0,0
p02/296.raw -0.132305999,0.018404973 0,0
p02/297.raw 0.133742546,-0.016823296 0,0
p02/298.raw 0.181292259,-0.020849384 0,0
p02/299.raw 0.147102435,0.062116785 0,0
p02/300.raw 0.046831439,0.026025782 0,0
p02/301.raw 0.106735458,0.047737899 0,0
p02/302.raw 0.061340566,-0.086129523 0,0
p02/303.raw -0.034189824,-0.01883634 0,0
p02/304.raw -0.099696377,0.091881077 0,0
p02/305.raw 0.06205884,-0.027319882 0,0
p02/306.raw -0.078866442,0.044862122 0,0
p02/307.raw -0.133024273,0.070600327 0,0
p02/308.raw 0.040366977,0.051188832 0,0
p02/309.raw -0.112050683,-0.091881077 0,0
p02/310.raw -0.167214096,0.016104352 0,0
p02/311.raw -0.106448149,-0.060678896 0,0
p02/312.raw 0.18344708,0.098063998 0,0
p02/313.raw 0.149831875,-0.088861511 0,0
p02/314.raw 0.044963928,-0.082966168 0,0
p02/315.raw -0.019824352,-0.036522369 0,0
p02/316.raw -0.04381469,-0.071175482 0,0
p02/317.raw -0.089927856,-0.095907165 0,0
p02/318.raw 0.170949119,0.021136961 0,0
p02/319.raw 0.033615205,-0.039254357 0,0
p02/320.raw 0.026863433,-0.012653419 0,0
p02/321.raw 0.051859355,0.07778977 0,0
p02/322.raw 0.014078163,-0.084835424 0,0
p02/323.raw -0.040223322,-0.090155611 0,0
p02/324.raw 0.140637973,0.026457149 0,0
p02/325.raw 0.176695308,0.085554368 0,0
p02/326.raw 0.176695308,0.100652197 0,0
p02/327.raw 0.150693803,0.100795986 0,0
p02/328.raw -0.047406058,0.032352492 0,0
p02/329.raw -0.162473491,-0.0464438 0,0
p02/330.raw 0.118371491,0.030483237 0,0
p02/331.raw -0.026288814,-0.072613371 0,0
p02/332.raw 0.068523302,0.031777337 0,0
p02/333.raw -0.030885765,-0.039973301 0,0
p02/334.raw 0.107166423,0.054352187 0,0
p02/335.raw -0.031747694,-0.03882299 0,0
p02/336.raw 0.098834449,0.035372058 0,0
p02/337.raw 0.099409068,-0.065280139 0,0
p02/338.raw 0.075706039,-0.076927037 0,0
p02/339.raw 0.116934944,-0.025163049 0,0
p02/340.raw 0.180430331,-0.103384186 0,0
p02/341.raw -0.021260899,-0.070600327 0,0
p02/342.raw 0.056743615,-0.09662611 0,0
p02/343.raw -0.020398971,-0.053345665 0,0
p02/344.raw -0.174827797,-0.098207787 0,0
p02/345.raw -0.127996357,0.036666158 0,0
p02/346.raw -0.153279588,-0.081959646 0,0
p02/347.raw 0.01278527,-0.027751249 0,0
p02/348.raw 0.140925282,0.020274228 0,0
p02/349.raw -0.068954267,-0.023437583 0,0
p02/350.raw -0.019249733,-0.062835729 0,0
p02/351.raw -0.105442566,-0.010352797 0,0
p02/352.raw 0.159169432,0.051907776 0,0
p02/353.raw 0.04927357,0.021999695 0,0
p02/354.raw -0.135035439,0.067868339 0,0
p02/355.raw -0.161180598,0.091449711 0,0
p02/356.raw -0.017238567,0.027176093 0,0
p02/357.raw 0.057605544,-0.04759411 0,0
p02/358.raw 0.030454801,-0.08656089 0,0
p02/359.raw -0.062920768,-0.024156527 0,0
p02/360.raw -0.021260899,0.094181699 0,0
p02/361.raw 0.138195843,0.035228269 0,0
p02/362.raw -0.09035882,-0.062835729 0,0
p02/363.raw 0.03620099,-0.034509325 0,0
p02/364.raw -0.022697446,0.09274381 0,0
p02/365.raw -0.167070442,-0.012365841 0,0
p02/366.raw -0.081021263,0.032352492 0,0
p02/367.raw -0.170087191,0.054064609 0,0
p02/368.raw -0.183016116,-0.026744727 0,0
p02/369.raw -0.017669531,0.098063998 0,0
p02/370.raw 0.157732885,-0.06024753 0,0
p02/371.raw 0.179999367,-0.042992867 0,0
p02/372.raw -0.116791289,-0.021999695 0,0
p02/373.raw 0.076280657,-0.067580761 0,0
p02/374.raw 0.111476064,-0.050901254 0,0
p02/375.raw 0.020111661,-0.047450322 0,0
p02/376.raw 0.080159335,0.082966168 0,0
p02/377.raw 0.115067432,0.087136045 0,0
p02/378.raw -0.043240071,0.037960257 0,0
p02/379.raw -0.015083746,0.052339143 0,0
p02/380.raw 0.146958781,0.015529196 0,0
p02/381.raw -0.08547456,-0.036234791 0,0
p02/382.raw -0.10070196,-0.096913687 0,0
p02/383.raw -0.083607048,0.066142873 0,0
p02/384.raw 0.180143021,0.096482321 0,0
p02/385.raw -0.048842605,0.037960257 0,0
p02/386.raw 0.181866878,0.034221747 0,0
p02/387.raw -0.061340566,-0.097201265 0,0
p02/388.raw 0.108172006,-0.067149395 0,0
p02/389.raw 0.167501406,0.091305922 0,0
p02/390.raw -0.140350663,0.03637858 0,0
p02/391.raw 0.11894611,-0.029620504 0,0
p02/392.raw 0.04654413,-0.084547846 0,0
p02/393.raw 0.049991843,0.086848467 0,0
p02/394.raw 0.138195843,-0.068874861 0,0
p02/395.raw -0.120526312,0.020418017 0,0
p02/396.raw 0.02312841,0.045437278 0,0
p02/397.raw 0.101707543,-0.097632631 0,0
p02/398.raw 0.117222253,0.09777642 0,0
p02/399.raw -0.053870521,0.100652197 0,0
p02/400.raw 0.053870521,0.035515847 0,0
p02/401.raw -0.045394892,-0.077214614 0,0
p02/402.raw 0.116073015,-0.049894732 0,0
p02/403.raw -0.133024273,0.027751249 0,0
p02/404.raw 0.068379648,0.048744421 0,0
p02/405.raw 0.137477569,-0.087567412 0,0
p02/406.raw -0.151268422,-0.015672985 0,0
p02/407.raw -0.123112097,-0.031058392 0,0
p02/408.raw -0.015083746,0.072182004 0,0
p02/409.raw 0.021260899,0.045868644 0,0
p02/410.raw 0.044963928,0.037528891 0,0
p02/411.raw -0.042809107,-0.0890053 0,0
p02/412.raw 0.074413146,0.017686029 0,0
p02/414.raw 0.076137003,-0.018261184 0,0
p02/415.raw 0.026719778,0.059241008 0,0
p02/416.raw -0.088203999,0.057515541 0,0
p02/417.raw -0.078004514,-0.09777642 0,0
p02/418.raw -0.022266482,-0.032496281 0,0
p02/419.raw 0.168794298,0.069593805 0,0
p02/420.raw 0.090502475,-0.103527974 0,0
p02/421.raw -0.094237498,-0.082534802 0,0
p02/422.raw 0.089353237,-0.05392082 0,0
p02/423.raw -0.152992279,0.086417101 0,0
p02/424.raw -0.010917759,0.064848773 0,0
p02/425.raw -0.139776045,0.031058392 0,0
p02/426.raw -0.033615205,-0.011215531 0,0
p02/427.raw 0.17339125,-0.061829207 0,0
p02/428.raw 0.054588794,0.023150005 0,0
p02/429.raw 0.031316729,0.056077653 0,0
p02/430.raw -0.171236429,-0.016823296 0,0
p02/431.raw -0.133742546,-0.097345054 0,0
p02/432.raw 0.094668462,-0.071031694 0,0
p02/433.raw -0.10070196,-0.01883634 0,0
p02/434.raw 0.178706474,-0.046012433 0,0
p02/435.raw -0.07484411,0.100077042 0,0
p02/436.raw 0.106591804,0.082103435 0,0
p02/437.raw 0.090502475,-0.013228575 0,0
p02/438.raw -0.165921204,-0.030627026 0,0
p02/439.raw 0.024133993,0.035803425 0,0
p02/440.raw 0.053152247,-0.025450627 0,0
p02/441.raw -0.13963239,0.04888821 0,0
p02/442.raw -0.087485726,0.082534802 0,0
p02/443.raw 0.11377454,0.031921125 0,0
p02/444.raw -0.059473055,-0.095475799 0,0
p02/445.raw 0.096679628,-0.023581372 0,0
p02/446.raw -0.047549713,0.037385102 0,0
p02/447.raw 0.171092774,-0.035228269 0,0
p02/448.raw 0.109895862,0.018117396 0,0
p02/449.raw -0.158020194,0.029045348 0,0
p02/450.raw 0.158451158,-0.067149395 0,0
p02/451.raw -0.108459315,-0.088717723 0,0
p02/452.raw -0.165346585,0.03767268 0,0
p02/453.raw 0.071540052,0.087998778 0,0
p02/454.raw 0.073120254,-0.082966168 0,0
p02/455.raw 0.084181667,0.090443189 0,0
p02/456.raw 0.062920768,0.011934475 0,0
p02/457.raw 0.093519224,0.094900643 0,0
p02/458.raw -0.120095348,-0.036091002 0,0
p02/459.raw -0.020829935,-0.066574239 0,0
p02/460.raw 0.160893289,0.062404362 0,0
p02/461.raw -0.182728806,0.059959952 0,0
p02/462.raw -0.022266482,0.045868644 0,0
p02/463.raw -0.083463394,0.042130134 0,0
p02/464.raw -0.179137438,-0.090155611 0,0
p02/465.raw -0.1034314,0.053633242 0,0
p02/466.raw 0.022122827,0.097201265 0,0
p02/467.raw -0.128858286,0.032783859 0,0
p02/468.raw -0.094381152,0.102665241 0,0
p02/469.raw 0.019393387,-0.05765933 0,0
p02/470.raw -0.173247595,-0.073332315 0,0
p02/471.raw -0.078004514,0.040548457 0,0
p02/472.raw -0.076855276,0.092887599 0,0
p02/473.raw -0.087198416,0.070744116 0,0
p02/474.raw -0.158594813,-0.049031999 0,0
p02/475.raw -0.113056266,0.065280139 0,0
p02/477.raw 0.084325322,0.015385407 0,0
p02/478.raw 0.150406494,0.022862428 0,0
p02/479.raw 0.035913681,-0.086129523 0,0
p02/480.raw -0.174684142,0.059241008 0,0
p02/481.raw 0.074269491,0.093750332 0,0
p02/482.raw -0.069528885,0.029476715 0,0
p02/483.raw 0.1110451,0.086992256 0,0
p02/484.raw 0.084612631,0.098926731 0,0
p02/485.raw -0.028730944,-0.102090086 0,0
p02/486.raw -0.06478828,-0.041986345 0,0
p02/487.raw -0.01307258,0.07405126 0,0
p02/488.raw -0.058323817,-0.094613066 0,0
p02/489.raw -0.110901445,-0.034365536 0,0
p02/490.raw 0.035770026,0.041123612 0,0
p02/491.raw -0.160749634,-0.063410884 0,0
p02/492.raw 0.08030299,0.069306227 0,0
p02/493.raw 0.108459315,0.02386895 0,0
p02/494.raw -0.016089329,0.011359319 0,0
p02/495.raw -0.091795367,0.101514931 0,0
p02/496.raw 0.065793863,-0.024731683 0,0
p02/497.raw 0.159025777,0.046156222 0,0
p02/498.raw -0.030742111,0.062979518 0,0
p02/499.raw 0.01795684,-0.02631336 0,0
p02/500.raw -0.178131855,-0.103240397 0,0
p02/501.raw 0.024708612,0.019699073 0,0
p02/502.raw -0.150550149,-0.034796903 0,0
p02/503.raw -0.167357751,-0.065567717 0,0
p02/504.raw 0.175689725,-0.091737289 0,0
p02/505.raw -0.16304811,0.083541324 0,0
p02/506.raw 0.057030925,-0.045437278 0,0
p02/507.raw 0.036488299,-0.012653419 0,0
p02/508.raw -0.149831875,-0.051045043 0,0
p02/509.raw -0.043527381,-0.03767268 0,0
p02/510.raw -0.12167555,-0.093894121 0,0
p02/511.raw -0.142218175,0.021424539 0,0
p02/512.raw 0.011348723,0.065280139 0,0
p02/513.raw 0.118515146,-0.045581067 0,0
p02/514.raw 0.077717205,0.054208398 0,0
p02/515.raw -0.009912176,0.034365536 0,0
p02/516.raw 0.156152683,-0.068155917 0,0
p02/517.raw 0.08762938,0.096050954 0,0
p02/518.raw -0.145234924,0.054639764 0,0
p02/519.raw -0.107166423,-0.068587283 0,0
p02/520.raw 0.115211087,0.079083869 0,0
p02/521.raw -0.091077094,-0.07405126 0,0
p02/522.raw -0.039505049,-0.015816774 0,0
p02/523.raw 0.127709048,0.097632631 0,0
p02/524.raw 0.093662879,-0.048600632 0,0
p02/525.raw -0.133886201,-0.102521453 0,0
p02/526.raw -0.116360325,0.024444105 0,0
p02/527.raw -0.171954702,-0.045868644 0,0
p02/528.raw -0.167501406,0.054064609 0,0
p02/529.raw -0.077717205,-0.077933559 0,0
p02/530.raw 0.043383726,0.035515847 0,0
p02/531.raw 0.118084182,0.015241618 0,0
p02/532.raw 0.080733954,-0.053201876 0,0
p02/533.raw -0.043096417,-0.052482931 0,0
p02/534.raw -0.155434409,-0.043424234 0,0
p02/535.raw -0.066081172,0.020849384 0,0
p02/536.raw -0.180430331,0.089580456 0,0
p02/537.raw -0.182010533,0.079371447 0,0
p02/538.raw 0.074700455,0.053633242 0,0
p02/539.raw 0.133024273,0.085123001 0,0
p02/540.raw -0.061196912,-0.032064914 0,0
p02/541.raw 0.078291824,0.096769898 0,0
p02/542.raw -0.019968006,-0.073763682 0,0
p02/543.raw 0.139488735,-0.062404362 0,0
p02/544.raw 0.026001505,-0.011790686 0,0
p02/545.raw 0.044532964,0.097920209 0,0
p02/546.raw 0.014365472,0.02631336 0,0
p02/547.raw -0.017238567,0.049031999 0,0
p02/548.raw 0.052433974,0.02128075 0,0
p02/549.raw -0.064931934,0.04888821 0,0
p02/550.raw -0.167788715,0.023150005 0,0
p02/551.raw -0.16793237,0.045581067 0,0
p02/552.raw -0.143367413,0.037241313 0,0
p02/553.raw 0.17583338,0.101371142 0,0
p02/554.raw 0.122537478,0.05765933 0,0
p02/555.raw 0.151124768,0.055502497 0,0
p02/556.raw 0.028443635,0.011790686 0,0
p02/557.raw -0.031747694,-0.027319882 0,0
p02/558.raw 0.09064613,0.025594416 0,0
p02/559.raw -0.14236183,-0.067149395 0,0
p02/560.raw 0.137046605,-0.013228575 0,0
p02/561.raw -0.18071764,0.066861817 0,0
p02/562.raw 0.102569472,-0.08526679 0,0
p02/563.raw -0.058180162,0.056077653 0,0
p02/564.raw -0.094955771,-0.054208398 0,0
p02/565.raw 0.141930865,-0.094900643 0,0
p02/566.raw 0.079441061,-0.096338532 0,0
p02/567.raw 0.152274005,-0.087136045 0,0
p02/568.raw 0.091364403,-0.061254052 0,0
p02/569.raw -0.105586221,-0.035228269 0,0
p02/570.raw 0.151555732,0.088717723 0,0
p02/571.raw 0.053295902,-0.094325488 0,0
p02/572.raw -0.048698951,0.056509019 0,0
p02/573.raw -0.026863433,-0.029332926 0,0
p02/574.raw -0.138626807,0.087567412 0,0
p02/575.raw 0.060622293,-0.052914298 0,0
p02/576.raw 0.043240071,0.039973301 0,0
p02/577.raw -0.095674045,-0.047737899 0,0
p02/578.raw 0.148969947,-0.048744421 0,0
p02/579.raw 0.148251673,-0.097920209 0,0
p02/580.raw -0.164771966,-0.020561806 0,0
p02/581.raw -0.096248664,-0.049750943 0,0
p02/582.raw -0.066224827,-0.039254357 0,0
p02/583.raw -0.172098357,-0.062404362 0,0
p02/584.raw 0.175689725,0.086273312 0,0
p02/585.raw -0.100845615,0.042417712 0,0
p02/586.raw 0.181435914,-0.086992256 0,0
p02/587.raw -0.05444514,0.012940997 0,0
p02/588.raw 0.029161909,0.062260574 0,0
p02/589.raw -0.09280095,0.030339448 0,0
p02/590.raw -0.026719778,0.01006522 0,0
p02/591.raw -0.171667393,0.033646592 0,0
p02/592.raw -0.169943536,-0.022143483 0,0
p02/593.raw -0.173678559,-0.011215531 0,0
p02/594.raw 0.030167492,-0.025594416 0,0
p02/595.raw -0.092082677,-0.051045043 0,0
p02/596.raw 0.177269927,-0.049031999 0,0
p02/597.raw -0.163766383,0.012797208 0,0
p02/598.raw -0.058180162,-0.081815858 0,0
p02/599.raw 0.169943536,-0.062548151 0,0
p02/600.raw -0.126416155,0.033359014 0,0
p02/601.raw -0.115929361,0.07275716 0,0
p02/602.raw -0.037493882,0.027032304 0,0
p02/603.raw 0.044245654,-0.02890156 0,0
p02/604.raw -0.051859355,0.029476715 0,0
p02/605.raw 0.121100931,0.08397269 0,0
p02/606.raw 0.077717205,-0.011934475 0,0
p02/607.raw -0.169656227,0.089436667 0,0
p02/608.raw 0.141356246,0.096338532 0,0
p02/609.raw 0.048555296,0.026744727 0,0
p02/610.raw -0.078148169,0.023437583 0,0
p02/611.raw 0.13417351,0.087854989 0,0
p02/612.raw -0.13719026,0.08152828 0,0
p02/613.raw 0.164484657,0.103384186 0,0
p02/614.raw -0.141787211,0.009777642 0,0
p02/615.raw 0.125554227,0.049750943 0,0
p02/616.raw -0.167788715,0.071175482 0,0
p02/617.raw 0.183590735,-0.027895038 0,0
p02/618.raw 0.140781628,-0.079659025 0,0
p02/619.raw -0.126416155,0.05262672 0,0
p02/620.raw 0.170230846,0.078221136 0,0
p02/621.raw 0.102138507,0.033215225 0,0
p02/622.raw 0.047118749,0.079659025 0,0
p02/623.raw 0.019537042,0.02631336 0,0
p02/625.raw -0.098978103,-0.071606849 0,0
p02/626.raw -0.159744051,-0.070887905 0,0
p02/627.raw -0.123112097,-0.023581372 0,0
p02/628.raw 0.105729875,-0.101083564 0,0
p02/630.raw 0.138483152,-0.028470193 0,0
p02/631.raw -0.155434409,-0.07520157 0,0
p02/632.raw -0.111476064,-0.085985734 0,0
p02/633.raw -0.112481647,0.051620198 0,0
p02/634.raw 0.067805029,-0.01509783 0,0
p02/635.raw 0.1110451,0.020130439 0,0
p02/636.raw -0.079728371,0.029620504 0,0
p02/637.raw 0.10831566,0.101802508 0,0
p02/638.raw 0.129576559,-0.043711811 0,0
p02/639.raw 0.036919264,-0.092024866 0,0
p02/640.raw 0.171523738,0.065567717 0,0
p02/641.raw -0.132305999,-0.058090697 0,0
p02/642.raw 0.17554607,0.093894121 0,0
p02/643.raw 0.063782697,-0.074770204 0,0
p02/644.raw -0.084899941,0.070456538 0,0
p02/645.raw -0.181723223,-0.086273312 0,0
p02/646.raw -0.024708612,0.031202181 0,0
p02/647.raw 0.014509127,-0.070887905 0,0
p02/649.raw -0.069385231,0.101514931 0,0
p02/650.raw 0.114061849,0.022143483 0,0
p02/651.raw 0.063926351,0.098495365 0,0
p02/652.raw 0.076711622,-0.085554368 0,0
p02/653.raw 0.168506989,-0.094469277 0,0
p02/654.raw -0.104724292,0.026025782 0,0
p02/655.raw -0.074413146,0.039541935 0,0
p02/656.raw 0.024995922,0.019123918 0,0
p02/657.raw -0.074269491,-0.071319271 0,0
p02/658.raw -0.149400911,0.030195659 0,0
p02/659.raw -0.085330905,0.043136656 0,0
p02/660.raw -0.168076025,0.030914603 0,0
p02/661.raw 0.065075589,0.101371142 0,0
p02/662.raw 0.010774104,0.014666463 0,0
p02/663.raw 0.022266482,-0.013947519 0,0
p02/664.raw -0.0669431,0.076064303 0,0
p02/665.raw 0.06177153,-0.01624814 0,0
p02/666.raw -0.102282162,-0.01250963 0,0
p02/667.raw 0.148395328,-0.060678896 0,0
p02/668.raw 0.123974025,-0.040979823 0,0
p02/669.raw -0.063639042,-0.021424539 0,0
p02/670.raw -0.152848624,0.027176093 0,0
p02/671.raw -0.040510632,-0.091305922 0,0
p02/672.raw -0.13690295,-0.072038216 0,0
p02/673.raw -0.075849693,-0.046156222 0,0
p02/674.raw -0.146240507,0.073907471 0,0
p02/675.raw 0.142505484,0.061110263 0,0
p02/676.raw 0.104867947,0.021136961 0,0
p02/677.raw 0.045107583,-0.034221747 0,0
p02/678.raw -0.014796436,-0.039398146 0,0
p02/679.raw 0.038212156,-0.096913687 0,0
p02/680.raw -0.103718709,0.039110568 0,0
p02/681.raw -0.173965868,0.047450322 0,0
p02/682.raw 0.080590299,0.029620504 0,0
p02/683.raw 0.016232984,-0.051332621 0,0
p02/684.raw -0.179568403,0.082966168 0,0
p02/685.raw -0.109033934,-0.052482931 0,0
p02/686.raw -0.062920768,0.028038826 0,0
p02/687.raw -0.050997426,-0.101658719 0,0
p02/688.raw -0.114780123,-0.08397269 0,0
p02/689.raw 0.182872461,0.071894427 0,0
p02/690.raw -0.163766383,0.011646897 0,0
p02/691.raw -0.020398971,0.055358709 0,0
p02/692.raw 0.034764443,0.027463671 0,0
p02/693.raw -0.124404989,-0.103527974 0,0
p02/694.raw -0.102856781,-0.028757771 0,0
p02/695.raw 0.048842605,-0.02760746 0,0
p02/696.raw 0.130294833,-0.034077958 0,0
p02/697.raw 0.127852703,-0.022143483 0,0
p02/698.raw 0.073694872,0.055646286 0,0
p02/699.raw 0.028443635,0.08282238 0,0
p02/700.raw -0.021979172,-0.0902994 0,0
p02/701.raw 0.042090834,-0.078508714 0,0
p02/702.raw 0.160462325,-0.060391318 0,0
p02/703.raw -0.056025342,-0.038535413 0,0
p02/704.raw 0.084325322,-0.066574239 0,0
p02/705.raw 0.136041022,-0.078940081 0,0
p02/706.raw -0.119808038,-0.020130439 0,0
p02/707.raw 0.041659869,0.020130439 0,0
p02/708.raw -0.143367413,0.019555284 0,0
p02/709.raw -0.100127341,-0.012940997 0,0
p02/710.raw -0.172672976,0.078364925 0,0
p02/711.raw 0.081739537,-0.092024866 0,0
p02/712.raw 0.019249733,0.01883634 0,0
p02/713.raw 0.141930865,0.040692246 0,0
p02/714.raw 0.03620099,-0.082966168 0,0
p02/715.raw -0.103287745,0.097920209 0,0
p02/716.raw 0.126416155,-0.028182615 0,0
p02/717.raw -0.150119185,-0.043568023 0,0
p02/718.raw -0.182154188,0.035515847 0,0
p02/719.raw 0.120669967,0.049750943 0,0
p02/720.raw 0.182728806,0.038966779 0,0
p02/721.raw 0.091795367,-0.088573934 0,0
p02/722.raw 0.12928925,0.100220831 0,0
p02/723.raw -0.172385666,0.053345665 0,0
p02/724.raw 0.023846684,-0.073044738 0,0
p02/725.raw 0.174684142,-0.060966474 0,0
p02/726.raw -0.172242012,-0.079083869 0,0
p02/727.raw 0.115785706,-0.052051565 0,0
p02/728.raw 0.022984756,-0.054208398 0,0
p02/729.raw -0.046831439,0.024012739 0,0
p02/730.raw -0.162186181,0.077358403 0,0
p02/731.raw -0.153566898,0.061254052 0,0
p02/732.raw -0.182441497,-0.032352492 0,0
p02/733.raw -0.164484657,0.06024753 0,0
p02/734.raw 0.050853772,0.038391624 0,0
p02/735.raw 0.055594377,0.054783553 0,0
p02/736.raw -0.13690295,0.075489148 0,0
p02/737.raw 0.06967254,-0.04759411 0,0
p02/738.raw -0.034046169,0.032927647 0,0
p02/739.raw -0.022984756,-0.021855906 0,0
p02/740.raw 0.085330905,0.090155611 0,0
p02/741.raw -0.166064859,0.03637858 0,0
p02/742.raw 0.040366977,0.043568023 0,0
p02/743.raw -0.018962423,0.099789464 0,0
p02/744.raw 0.053008592,0.013659941 0,0
p02/745.raw 0.056312651,-0.034940691 0,0
p02/746.raw 0.133311582,-0.017686029 0,0
p02/747.raw 0.103718709,-0.026888516 0,0
p02/748.raw -0.070965433,0.06772455 0,0
p02/749.raw 0.169656227,0.081384491 0,0
p02/750.raw 0.104293328,-0.087279834 0,0
p02/751.raw 0.107884696,-0.02631336 0,0
p02/752.raw -0.024133993,-0.060822685 0,0
p02/753.raw 0.103862364,0.07649567 0,0
p02/754.raw 0.0958177,-0.025306838 0,0
p02/755.raw 0.014221817,-0.070887905 0,0
p02/756.raw 0.043240071,0.02890156 0,0
p02/757.raw -0.01307258,-0.058522063 0,0
p02/758.raw -0.152274005,0.02257485 0,0
p02/759.raw -0.054876104,0.010927953 0,0
p02/760.raw 0.102282162,0.056365231 0,0
p02/761.raw -0.109321243,-0.075489148 0,0
p02/762.raw 0.031173075,0.062404362 0,0
p02/763.raw 0.174540487,0.063842251 0,0
p02/764.raw -0.120526312,0.019842862 0,0
p02/765.raw -0.162042526,0.058090697 0,0
p02/766.raw -0.110326827,-0.101083564 0,0
p02/767.raw -0.101707543,-0.093462755 0,0
p02/768.raw 0.173247595,0.073476104 0,0
p02/769.raw -0.14968822,-0.020561806 0,0
p02/770.raw 0.117222253,-0.062548151 0,0
p02/771.raw -0.10098927,-0.016535718 0,0
p02/772.raw -0.067086755,0.090586978 0,0
p02/773.raw -0.043240071,-0.034940691 0,0
p02/774.raw -0.13201869,-0.040692246 0,0
p02/775.raw -0.13719026,0.064704984 0,0
p02/776.raw -0.121244585,-0.086848467 0,0
p02/777.raw -0.090215165,0.068443494 0,0
p02/778.raw -0.017094912,0.071750638 0,0
p02/779.raw 0.1551471,0.034221747 0,0
p02/780.raw 0.12138824,-0.038104046 0,0
p02/781.raw 0.120669967,0.098639153 0,0
p02/782.raw 0.082601465,0.029476715 0,0
p02/783.raw -0.04898626,-0.022143483 0,0
p02/784.raw 0.09553039,0.079659025 0,0
p02/785.raw -0.099983687,0.039398146 0,0
p02/786.raw 0.096823283,0.059241008 0,0
p02/787.raw 0.062920768,0.029189137 0,0
p02/788.raw -0.010917759,-0.055502497 0,0
p02/789.raw -0.042952762,0.082534802 0,0
p02/790.raw 0.053583211,0.056221442 0,0
p02/791.raw -0.076424312,-0.061110263 0,0
p02/792.raw -0.055450723,0.098351576 0,0
p02/793.raw -0.162617145,0.031058392 0,0
p02/794.raw -0.156296338,0.102665241 0,0
p02/795.raw 0.021548208,-0.077358403 0,0
p02/796.raw 0.09553039,0.050326099 0,0
p02/797.raw 0.155865373,-0.017398451 0,0
p02/798.raw 0.181579569,0.082966168 0,0
p02/799.raw -0.042521798,-0.034077958 0,0
p02/800.raw -0.141356246,0.089436667 0,0
p02/801.raw -0.120957276,-0.035228269 0,0
p02/802.raw -0.05961671,-0.014378885 0,0
p02/803.raw -0.137621224,0.053058087 0,0
p02/804.raw -0.083607048,-0.09777642 0,0
p02/805.raw -0.124979608,0.016967085 0,0
p02/806.raw 0.159887706,0.045005911 0,0
p02/807.raw -0.138770461,0.060822685 0,0
p02/808.raw -0.180286676,0.079083869 0,0
p02/809.raw -0.159600396,-0.049894732 0,0
p02/810.raw -0.099552722,-0.043999389 0,0
p02/811.raw -0.039792358,-0.014810252 0,0
p02/812.raw -0.050135498,0.065136351 0,0
p02/813.raw 0.181148604,-0.067436972 0,0
p02/814.raw 0.108890279,-0.056796597 0,0
p02/815.raw -0.072258325,-0.090155611 0,0
p02/816.raw -0.043958345,0.094613066 0,0
p02/817.raw -0.104436983,0.012940997 0,0
p02/818.raw 0.151555732,-0.071606849 0,0
p02/819.raw -0.114492813,-0.102665241 0,0
p02/820.raw 0.024277648,-0.022718639 0,0
p02/821.raw -0.076137003,0.025881994 0,0
p02/822.raw -0.133742546,-0.044862122 0,0
p02/823.raw -0.173965868,-0.036666158 0,0
p02/824.raw 0.012066997,-0.029476715 0,0
p02/825.raw 0.07513142,0.03264007 0,0
p02/826.raw 0.030167492,-0.015816774 0,0
p02/827.raw -0.17339125,-0.033071436 0,0
p02/828.raw 0.11894611,-0.026169571 0,0
p02/829.raw 0.148826292,0.085554368 0,0
p02/830.raw 0.083750703,-0.029908082 0,0
p02/831.raw -0.162329836,0.074626415 0,0
p02/833.raw -0.127996357,-0.045868644 0,0
p02/834.raw -0.172242012,-0.092024866 0,0
p02/835.raw -0.182297842,-0.059672374 0,0
p02/836.raw -0.179137438,0.066861817 0,0
p02/837.raw -0.120382657,0.038535413 0,0
p02/838.raw 0.143367413,-0.083828902 0,0
p02/839.raw -0.114636468,0.057227964 0,0
p02/840.raw 0.039074084,-0.037241313 0,0
p02/841.raw 0.078435478,0.053201876 0,0
p02/842.raw -0.022266482,0.06269194 0,0
p02/843.raw 0.092944605,-0.018261184 0,0
p02/844.raw -0.053295902,-0.026025782 0,0
p02/845.raw 0.105729875,-0.085123001 0,0
p02/847.raw 0.132593308,-0.079083869 0,0
p02/849.raw 0.030454801,-0.092168655 0,0
p02/850.raw -0.065506553,0.083109957 0,0
p02/851.raw -0.019249733,0.065855295 0,0
p02/852.raw -0.128570976,0.052339143 0,0
p02/853.raw 0.086049179,0.060822685 0,0
p02/854.raw -0.03375886,0.059097219 0,0
p02/855.raw -0.088778618,0.054927342 0,0
p02/856.raw -0.032896931,-0.058234486 0,0
p02/857.raw -0.018531459,0.092168655 0,0
p02/858.raw -0.126416155,-0.030914603 0,0
p02/859.raw 0.10616084,-0.045868644 0,0
p02/860.raw -0.144085686,-0.037097524 0,0
p02/861.raw 0.152848624,0.009777642 0,0
p02/862.raw 0.136615641,0.056940386 0,0
p02/863.raw -0.148251673,-0.051620198 0,0
p02/864.raw 0.021260899,-0.048456844 0,0
p02/865.raw 0.078004514,-0.054927342 0,0
p02/866.raw 0.105586221,0.020993173 0,0
p02/869.raw 0.112768957,-0.099933253 0,0
p02/870.raw -0.06723041,0.055071131 0,0
p02/871.raw 0.065793863,0.011071742 0,0
p02/872.raw -0.024995922,-0.043424234 0,0
p02/873.raw 0.034189824,0.062404362 0,0
p02/874.raw 0.062202495,-0.025450627 0,0
p02/875.raw -0.06723041,-0.033502803 0,0
p02/876.raw 0.100127341,-0.091737289 0,0
p02/877.raw -0.064644625,-0.076064303 0,0
p02/878.raw -0.124404989,-0.103527974 0,0
p02/879.raw 0.159744051,-0.098063998 0,0
p02/880.raw -0.172816631,0.040260879 0,0
p02/881.raw -0.017669531,-0.046587589 0,0
p02/882.raw 0.092513641,-0.089292878 0,0
p02/883.raw 0.154285171,-0.010927953 0,0
p02/884.raw -0.173965868,-0.085698157 0,0
p02/885.raw -0.179137438,0.055502497 0,0
p02/886.raw -0.098116175,-0.052339143 0,0
p02/887.raw -0.178562819,-0.023581372 0,0
p02/888.raw -0.067661374,0.068731072 0,0
p02/889.raw -0.019968006,-0.085554368 0,0
p02/890.raw 0.164628311,0.0915935 0,0
p02/891.raw -0.166783132,0.087423623 0,0
p02/892.raw 0.050566462,0.097057476 0,0
p02/893.raw -0.150837458,-0.087711201 0,0
p02/894.raw 0.099840032,0.07016896 0,0
p02/895.raw -0.071396397,0.034365536 0,0
p02/896.raw 0.126703465,0.082534802 0,0
p02/897.raw 0.116647634,-0.073907471 0,0
p02/898.raw -0.011348723,0.019699073 0,0
p02/899.raw -0.122106514,-0.056509019 0,0
p02/900.raw 0.182297842,-0.103384186 0,0
p02/901.raw -0.131444071,-0.051763987 0,0
p02/902.raw 0.07513142,0.068874861 0,0
p02/903.raw 0.158738468,-0.036809946 0,0
p02/904.raw -0.059042091,0.098207787 0,0
p02/905.raw 0.156583647,-0.035947213 0,0
p02/906.raw -0.109033934,-0.015816774 0,0
p02/907.raw -0.180143021,0.060535107 0,0
p02/908.raw 0.147964364,0.102090086 0,0
p02/909.raw -0.128427322,0.054927342 0,0
p02/910.raw 0.159313087,-0.041267401 0,0
p02/911.raw -0.083463394,0.039110568 0,0
p02/912.raw -0.132736963,-0.074913993 0,0
p02/913.raw -0.021117244,0.089292878 0,0
p02/914.raw -0.137764878,-0.090730767 0,0
p02/915.raw -0.095386735,0.047881688 0,0
p02/916.raw 0.179424748,-0.026600938 0,0
p02/917.raw 0.15241766,0.023725161 0,0
p02/919.raw -0.180861295,-0.048744421 0,0
p02/920.raw 0.079584716,-0.043280445 0,0
p02/921.raw -0.164341002,0.079083869 0,0
p02/922.raw 0.166208513,-0.085841946 0,0
p02/923.raw -0.16003136,0.07405126 0,0
p02/924.raw -0.099121758,0.011934475 0,0
p02/925.raw 0.067374065,0.021999695 0,0
p02/926.raw -0.171236429,-0.063123307 0,0
p02/927.raw 0.112337993,-0.018117396 0,0
p02/928.raw 0.067086755,0.088861511 0,0
p02/929.raw 0.035051752,-0.049463366 0,0
p02/930.raw -0.035626371,0.02760746 0,0
p02/931.raw 0.034333479,0.039110568 0,0
p02/932.raw -0.078291824,-0.05521492 0,0
p02/933.raw 0.091220749,0.083828902 0,0
p02/934.raw 0.026288814,-0.090155611 0,0
p02/935.raw -0.024277648,0.035659636 0,0
p02/936.raw 0.01795684,0.058378275 0,0
p02/937.raw -0.062777114,0.054927342 0,0
p02/938.raw 0.085618214,0.053633242 0,0
p02/939.raw -0.179568403,-0.051763987 0,0
p02/940.raw -0.152130351,0.07275716 0,0
p02/941.raw -0.097828866,0.093031388 0,0
p02/942.raw 0.03864312,-0.084979212 0,0
p02/944.raw -0.168506989,-0.013947519 0,0
p02/945.raw -0.171811048,-0.083109957 0,0
p02/946.raw -0.026719778,-0.014091308 0,0
p02/947.raw 0.052433974,0.049463366 0,0
p02/948.raw 0.17827551,0.073907471 0,0
p02/949.raw -0.147677054,-0.044574545 0,0
p02/950.raw -0.011779687,0.026457149 0,0
p02/951.raw 0.152130351,0.07405126 0,0
p02/953.raw -0.029592873,-0.103096608 0,0
p02/954.raw 0.016663948,0.058665852 0,0
p02/956.raw -0.050853772,-0.038535413 0,0
p02/957.raw 0.027869016,-0.088142567 0,0
p02/958.raw 0.122537478,-0.054639764 0,0
p02/959.raw -0.125697882,0.049175788 0,0
p02/960.raw 0.168794298,0.044574545 0,0
p02/961.raw 0.018100495,-0.043711811 0,0
p02/962.raw -0.078435478,0.083109957 0,0
p02/963.raw -0.03620099,-0.041698767 0,0
p02/964.raw -0.079010097,0.052914298 0,0
p02/965.raw 0.143654722,-0.048025477 0,0
p02/966.raw -0.011636032,-0.093031388 0,0
p02/967.raw 0.167070442,-0.068731072 0,0
p02/968.raw 0.098116175,-0.067868339 0,0
p02/969.raw -0.050853772,0.052339143 0,0
p02/970.raw 0.016807602,-0.079802814 0,0
p02/971.raw -0.045538547,0.062548151 0,0
p02/972.raw 0.050279153,-0.013084786 0,0
p02/973.raw -0.114349159,0.023725161 0,0
p02/974.raw -0.053583211,-0.08397269 0,0
p02/975.raw 0.01551471,0.034653114 0,0
p02/976.raw 0.048842605,-0.017110874 0,0
p02/977.raw 0.036775609,-0.016104352 0,0
p02/978.raw 0.034046169,-0.047450322 0,0
p02/979.raw 0.119808038,-0.087567412 0,0
p02/980.raw 0.132593308,-0.086704679 0,0
p02/981.raw 0.089640547,0.054783553 0,0
p02/982.raw 0.160893289,-0.073332315 0,0
p02/983.raw 0.043383726,-0.039685724 0,0
p02/984.raw -0.027150742,-0.053777031 0,0
p02/985.raw -0.154141517,0.048600632 0,0
p02/986.raw -0.051284736,0.059816163 0,0
p02/987.raw 0.129720214,0.051332621 0,0
p02/988.raw -0.120382657,0.020993173 0,0
p02/989.raw 0.178993784,-0.010640375 0,0
p02/990.raw 0.057461889,-0.070744116 0,0
p02/991.raw -0.039361394,0.06901865 0,0
p02/992.raw -0.03864312,-0.102521453 0,0
p02/993.raw 0.031747694,0.045005911 0,0
p02/994.raw -0.155865373,0.099214309 0,0
p02/996.raw 0.172385666,0.060678896 0,0
p02/997.raw -0.152130351,-0.037528891 0,0
p02/998.raw 0.089065928,0.094900643 0,0
p02/999.raw 0.063064423,-0.069593805 0,0
p02/1000.raw 0.113918195,0.011359319 0,0
p02/1001.raw 0.011492378,0.016967085 0,0
p02/1002.raw -0.171523738,-0.082391013 0,0
p02/1003.raw -0.019393387,-0.069162438 0,0
p02/1004.raw 0.039936013,-0.101227353 0,0
p02/1005.raw 0.155578064,0.010209009 0,0
p02/1006.raw -0.035482716,0.068587283 0,0
p02/1007.raw 0.181148604,-0.05895343 0,0
p02/1008.raw -0.09064613,-0.023293794 0,0
p02/1009.raw 0.114780123,-0.036809946 0,0
p02/1010.raw -0.113343576,-0.065280139 0,0
p02/1011.raw -0.013503544,-0.010640375 0,0
p02/1012.raw -0.138052188,0.053345665 0,0
p02/1013.raw -0.028874599,-0.019555284 0,0
p02/1014.raw -0.041516215,0.019411495 0,0
p02/1015.raw 0.182728806,-0.085985734 0,0
p02/1016.raw 0.119520729,0.083109957 0,0
p02/1017.raw 0.070247159,-0.016823296 0,0
p02/1018.raw -0.08762938,-0.047306533 0,0
p02/1019.raw 0.083750703,-0.033934169 0,0
p02/1020.raw 0.095386735,-0.096482321 0,0
p02/1021.raw 0.065219244,-0.065711506 0,0
p02/1022.raw 0.127565393,-0.060103741 0,0
p02/1023.raw 0.128427321,-0.044718333 0,0
p02/1024.raw 0.143223758,-0.070312749 0,0
p02/1025.raw 0.114349159,0.055358709 0,0
p02/1026.raw -0.141212592,0.084116479 0,0
p02/1027.raw -0.124835953,-0.098926731 0,0
p02/1028.raw 0.014509127,0.029764293 0,0
p02/1029.raw -0.101563888,-0.061541629 0,0
p02/1030.raw -0.157876539,0.070887905 0,0
p02/1031.raw -0.154285171,-0.052195354 0,0
p02/1032.raw 0.103862364,0.02631336 0,0
p02/1033.raw 0.019680697,-0.06772455 0,0
p02/1034.raw -0.042952762,0.038966779 0,0
p02/1035.raw -0.181148604,-0.045868644 0,0
p02/1036.raw 0.117222253,0.036234791 0,0
p02/1037.raw 0.174540487,0.057084175 0,0
p02/1038.raw 0.088634963,0.071175482 0,0
p02/1039.raw 0.058323817,0.094900643 0,0
p02/1040.raw -0.117222253,-0.040979823 0,0
p02/1041.raw 0.012066997,0.060391318 0,0
p02/1042.raw 0.178562819,-0.0890053 0,0
p02/1043.raw -0.104293328,-0.032064914 0,0
p02/1044.raw 0.027294397,-0.045724855 0,0
p02/1045.raw -0.022553791,0.08526679 0,0
p02/1046.raw -0.127565393,-0.057946908 0,0
p02/1047.raw -0.093375569,-0.024300316 0,0
p02/1048.raw -0.06478828,-0.096769898 0,0
p02/1049.raw 0.106735458,0.079515236 0,0
p02/1050.raw 0.04108525,-0.01509783 0,0
p02/1051.raw -0.167357751,-0.096626109 0,0
p02/1052.raw 0.140781628,-0.028613982 0,0
p02/1053.raw 0.113343576,-0.035372058 0,0
p02/1054.raw -0.015802019,-0.083109957 0,0
p02/1055.raw 0.110757791,0.07016896 0,0
p02/1056.raw 0.041947179,-0.046587589 0,0
p02/1057.raw -0.073838527,-0.033502803 0,0
p02/1058.raw -0.136184676,0.021999695 0,0
p02/1059.raw 0.02829998,0.086417101 0,0
p02/1060.raw -0.140494318,-0.079659025 0,0
p02/1061.raw -0.052290319,-0.074338837 0,0
p02/1062.raw 0.127134429,0.014810252 0,0
p02/1063.raw -0.0958177,0.050613676 0,0
p02/1064.raw -0.014796436,-0.023293794 0,0
p02/1065.raw 0.125985191,-0.032208703 0,0
p02/1066.raw 0.181723223,0.039254357 0,0
p02/1067.raw -0.161611562,-0.022862428 0,0
p02/1068.raw 0.091364403,-0.017398451 0,0
p02/1069.raw 0.166352168,-0.096913687 0,0
p02/1070.raw 0.027581707,-0.01754224 0,0
p02/1071.raw -0.011061414,-0.015529196 0,0
p02/1072.raw -0.151843041,-0.019123918 0,0
p02/1073.raw 0.035339062,0.062835729 0,0
p02/1074.raw 0.054014175,0.101227353 0,0
p02/1075.raw -0.029736527,0.070887905 0,0
p02/1076.raw -0.075706039,-0.068731072 0,0
p02/1077.raw 0.019537042,0.049031999 0,0
p02/1078.raw -0.160893289,-0.045437278 0,0
p02/1079.raw 0.14451665,-0.027463671 0,0
p02/1080.raw 0.182585152,0.034365536 0,0
p02/1081.raw 0.058611127,-0.047018955 0,0
p02/1082.raw -0.148108018,-0.084404057 0,0
p02/1083.raw -0.04654413,0.043136656 0,0
p02/1084.raw 0.154285171,0.062404362 0,0
p02/1085.raw -0.150837458,0.070600327 0,0
p02/1086.raw 0.042378143,0.092600022 0,0
p02/1087.raw 0.172098357,0.091449711 0,0
p02/1088.raw -0.131156761,-0.03508448 0,0
p02/1089.raw 0.131444071,0.076064303 0,0
p02/1090.raw 0.040366977,-0.063267096 0,0
p02/1091.raw -0.081883192,0.069450016 0,0
p02/1092.raw 0.060478638,0.020705595 0,0
p02/1093.raw -0.050710117,-0.077214614 0,0
p02/1094.raw 0.040079667,-0.094900643 0,0
p02/1095.raw 0.079584716,-0.05018231 0,0
p02/1096.raw -0.042521798,-0.089292878 0,0
p02/1097.raw -0.028012671,-0.041698767 0,0
p02/1098.raw -0.035051752,-0.089149089 0,0
p02/1099.raw -0.115354742,-0.038679202 0,0
p02/1100.raw -0.073694872,0.046875166 0,0
p02/1101.raw -0.055307068,-0.046156222 0,0
p02/1102.raw 0.103575055,0.04888821 0,0
p02/1103.raw 0.121244585,0.0451497 0,0
p02/1104.raw 0.160462324,0.03264007 0,0
p02/1105.raw -0.088634963,0.093462755 0,0
p02/1106.raw -0.172960285,-0.082678591 0,0
p02/1107.raw 0.03620099,0.043424234 0,0
p02/1108.raw -0.012928925,-0.093462755 0,0
p02/1109.raw 0.123399406,-0.071750638 0,0
p02/1110.raw 0.010917759,-0.029764293 0,0
p02/1111.raw 0.071252742,-0.032927647 0,0
p02/1112.raw 0.02068628,-0.096194743 0,0
p02/1113.raw -0.051859355,0.100220831 0,0
p02/1114.raw -0.153997862,0.0915935 0,0
p02/1115.raw -0.153279588,-0.100220831 0,0
p02/1116.raw -0.063639042,-0.036091002 0,0
p02/1117.raw -0.095243081,-0.019842862 0,0
p02/1118.raw 0.085618214,0.09274381 0,0
p02/1119.raw 0.083032429,0.046731377 0,0
p02/1120.raw 0.093375569,0.071319271 0,0
p02/1121.raw 0.108746625,-0.07146306 0,0
p02/1122.raw 0.127565393,0.015960563 0,0
p02/1123.raw -0.141643556,-0.030483237 0,0
p02/1124.raw 0.053583211,0.054783553 0,0
p02/1125.raw 0.098834449,0.094469277 0,0
p02/1126.raw -0.063926351,0.035803424 0,0
p02/1127.raw -0.110757791,0.027032304 0,0
p02/1128.raw -0.073694872,-0.058809641 0,0
p02/1129.raw 0.05961671,0.015385407 0,0
p02/1130.raw 0.016089329,-0.059097219 0,0
p02/1131.raw -0.173391249,-0.036809946 0,0
p02/1132.raw -0.127709048,-0.043711811 0,0
p02/1133.raw -0.039936013,0.0890053 0,0
p02/1134.raw -0.182872461,-0.080809336 0,0
p02/1135.raw 0.164628311,-0.099501887 0,0
p02/1136.raw 0.135322748,-0.073476104 0,0
p02/1137.raw 0.017382221,-0.09777642 0,0
p02/1138.raw -0.152848624,0.028613982 0,0
p02/1139.raw -0.115498397,-0.097057476 0,0
p02/1140.raw 0.179568403,0.077358403 0,0
p02/1141.raw 0.12411768,0.020561806 0,0
p02/1142.raw 0.173678559,-0.085410579 0,0
p02/1143.raw 0.102282162,-0.095475799 0,0
p02/1144.raw -0.174684142,-0.084404057 0,0
p02/1145.raw 0.098690794,0.101083564 0,0
p02/1146.raw -0.030311146,0.078364925 0,0
p02/1147.raw -0.146527816,-0.052195354 0,0
p02/1148.raw -0.079297407,0.03508448 0,0
p02/1149.raw 0.012066997,-0.011934475 0,0
p02/1150.raw 0.141787211,-0.101802508 0,0
p02/1151.raw 0.182154188,0.016967085 0,0
p02/1152.raw 0.11650398,0.076064303 0,0
p02/1153.raw -0.171523738,0.078077347 0,0
p02/1154.raw 0.160749634,0.03637858 0,0
p02/1155.raw 0.13719026,0.094469277 0,0
p02/1156.raw -0.098834449,0.069881383 0,0
p02/1157.raw 0.126416155,0.096913687 0,0
p02/1158.raw 0.1475334,-0.053633242 0,0
p02/1159.raw -0.116934944,0.069450016 0,0
p02/1160.raw 0.07240198,0.040979823 0,0
p02/1161.raw 0.093950188,0.028182615 0,0
p02/1162.raw 0.063208078,-0.061254052 0,0
p02/1163.raw 0.154428826,-0.075776726 0,0
p02/1164.raw 0.104724292,-0.06269194 0,0
p02/1165.raw 0.098547139,-0.050901254 0,0
p02/1166.raw -0.02585785,0.069162438 0,0
p02/1167.raw 0.177988201,0.032208703 0,0
p02/1168.raw 0.048555296,0.102233875 0,0
p02/1169.raw 0.143511067,-0.063698462 0,0
p02/1170.raw -0.030023837,0.063698462 0,0
p02/1171.raw 0.169225263,0.096050954 0,0
p02/1172.raw -0.091220748,0.085841945 0,0
p02/1173.raw -0.092226332,-0.103096608 0,0
p02/1174.raw -0.116934944,0.081096913 0,0
p02/1175.raw -0.17554607,-0.072900949 0,0
p02/1176.raw 0.068954267,0.08282238 0,0
p02/1177.raw 0.054301485,0.011503108 0,0
p02/1178.raw -0.057605544,-0.098926731 0,0
p02/1179.raw 0.044389309,-0.070312749 0,0
p02/1180.raw -0.092657296,0.041986345 0,0
p02/1181.raw -0.052003009,0.057946908 0,0
p02/1182.raw 0.149544566,0.033502803 0,0
p02/1183.raw 0.056456306,0.011934475 0,0
p02/1184.raw -0.165633894,-0.07146306 0,0
p02/1185.raw -0.145234924,-0.01754224 0,0
p02/1186.raw 0.168506989,-0.054064609 0,0
p02/1187.raw -0.059760364,0.07405126 0,0
p02/1188.raw 0.087198416,0.037528891 0,0
p02/1189.raw 0.031604039,0.025881994 0,0
p02/1190.raw -0.136184676,0.025738205 0,0
p02/1191.raw 0.174827797,-0.091881077 0,0
p02/1192.raw -0.155003445,-0.041842556 0,0
p02/1193.raw 0.11348723,0.092024866 0,0
p02/1194.raw 0.12928925,0.039398146 0,0
p02/1195.raw -0.113056266,0.068012128 0,0
p02/1196.raw 0.153279588,-0.071750638 0,0
p02/1197.raw 0.078004514,0.04888821 0,0
p02/1198.raw 0.044820273,-0.064417406 0,0
p02/1199.raw -0.017669531,0.056940386 0,0
p02/1200.raw 0.088491309,0.087998778 0,0